0
1
2
3
4
7
8
11
12
10
13
14
15
16
17
18
19
20
21
22
23
24
25
26
27
28
29
30
31
32
34
35
36
38
37
39
40
41
42
43
44
45
46
47
48
49
50
51
52
117
116
126
127
33
128
129
130
131
138
139
140
141
142
143
144
146
147
159
160
162
161
163
164
165
166
167
169
168
158
137
115
157
134
114
136
156
113
135
112
153
133
111
132
110
154
109
106
152
108
105
151
107
104
150
103
96
102
145
95
101
149
94
100
93
99
88
92
87
81
91
97
86
90
98
85
89
84
80
79
75
78
74
73
82
83
6
77
125
148
209
202
72
218
201
208
195
200
217
194
207
199
216
193
155
206
197
215
192
205
190
196
214
9
186
189
188
187
183
179
182
178
180
181
211
177
174
210
70
173
175
176
171
170
198
213
172
123
184
191
204
71
203
65
69
62
60
68
122
212
64
185
59
57
121
58
5
76
56
55
120
54
67
53
124
66
119
219
63
118
61
