0
1681802337
1681802350
1681802357
1681802382
1681802464
1681802465
1681802468
1681802469
1681802475
1681802476
1681802482
1681802490
1681802492
1681802499
1681802467
1681802501
1681802503
1681802504
1681802506
1681802514
1681802515
1681802518
1681802521
1681802523
1681802528
1681802531
1681802532
1681802534
1681802535
1681802536
1681802537
1681802539
1681802540
1681802541
1681802542
1681802544
1681802546
1681802547
1681802548
1681802549
1681802551
1681802552
1681802550
1681802553
1681802555
1681802557
1681802558
1681802559
1681802564
1681802765
1681802760
1681802781
1681802782
1681802785
1681802792
1681802793
1681802801
1681802783
1681802802
1681802804
1681802805
1681802806
1681802810
1681802813
1681802816
1681802817
1681802843
1681802844
1681802847
1681802846
1681802852
1681802855
1681802856
1681802857
1681802858
1681802865
1681802859
1681802800
1681802842
1681802757
1681802841
1681802797
1681802755
1681802799
1681802751
1681802840
1681802798
1681802750
1681802831
1681802796
1681802746
1681802794
1681802745
1681802838
1681802744
1681802738
1681802830
1681802743
1681802839
1681802737
1681802828
1681802739
1681802732
1681802822
1681802731
1681802717
1681802729
1681802716
1681802815
1681802726
1681802821
1681802715
1681802723
1681802714
1681802722
1681802705
1681802713
1681802704
1681802688
1681802710
1681802719
1681802702
1681802707
1681802720
1681802701
1681802706
1681802700
1681802687
1681802686
1681802661
1681802685
1681802695
1681802660
1681802659
1681802690
1681802463
1681802667
1681802779
1681802819
1681802962
1681802948
1681802658
1681802983
1681802935
1681802960
1681802911
1681802930
1681802980
1681802910
1681802959
1681802920
1681802976
1681802909
1681802958
1681802918
1681802974
1681802908
1681802953
1681802904
1681802917
1681802970
1681802466
1681802899
1681802903
1681802901
1681802900
1681802893
1681802888
1681802892
1681802884
1681802889
1681802890
1681802964
1681802878
1681802874
1681802963
1681802653
1681802871
1681802875
1681802876
1681802868
1681802866
1681802919
1681802969
1681802869
1681802774
1681802905
1681802952
1681802896
1681802656
1681802951
1681802586
1681802602
1681802577
1681802898
1681802575
1681802599
1681802773
1681802965
1681802579
1681802570
1681802574
1681802772
1681802571
1681802462
1681802662
1681802569
1681802568
1681802771
1681802567
1681802565
1681802775
1681802591
1681802768
1681802589
1681802984
1681802578
1681802766
1681802576
